0.000000000000000000e+00 -2.702278041838539202e-02 -1.470705950448529184e-02 5.875835404429774651e-03 -1.441783098663932576e-03 -1.294418695036157188e-03 -8.718833890746259248e-05 -2.540553535477053405e-03 1.617380414792382321e-04 -1.403014232340059255e-03
1.000000000000000056e-01 3.829762610512789378e-02 -2.624364380404436287e-02 -7.945909302740833402e-02 -1.717017508844642659e-02 1.689872638565207905e-03 9.827079428116787529e-05 -6.425445354907861895e-03 -9.231260612246378408e-03 -9.324896885240017627e-03
2.000000000000000111e-01 1.271367173476464427e-02 -1.366296738506339037e-01 -8.721229761151414947e-03 -2.763414051340605526e-02 -2.281346986544931926e-02 -1.342438044305737342e-02 -1.200304496397452091e-02 -1.415751234915561471e-02 -1.447293541624666835e-02
3.000000000000000444e-01 -9.135522303441487302e-02 1.716512498782438167e-02 -2.644120563955227113e-02 1.955868199501581417e-02 -1.099821575923880419e-02 -1.364394202566732162e-02 -2.069301894827478214e-02 -1.840498365451722837e-02 -1.933701926970346138e-02
4.000000000000000222e-01 -1.243198584203231843e-01 -5.343104549599812791e-02 2.718696467768563427e-02 -7.440837353986620023e-03 -3.220843794423237233e-02 -1.451805356327918670e-02 -1.767015969791996613e-02 -2.230986613807387983e-02 -1.999888411064237176e-02
5.000000000000000000e-01 4.163762792537496066e-02 3.427691794554486859e-02 1.069249644689359777e-02 -2.217726319475713317e-02 -1.341380787202113914e-02 -2.238575493014746676e-02 -2.428880497710889791e-02 -1.859858625844594895e-02 -2.051700448326987392e-02
6.000000000000000888e-01 8.255980307306706734e-02 3.007796374041129400e-02 -6.879486968660586399e-02 -1.177391509576598654e-02 -1.661187879759958366e-02 -1.615146694190417245e-02 -2.402093008977212660e-02 -1.785215440211394139e-02 -1.588273821200718652e-02
7.000000000000000666e-01 2.083900765030186064e-02 8.952530685077120243e-02 -2.989694925176103815e-02 -1.966399323991827389e-02 -6.527204046690255820e-03 -3.108590664336417092e-03 -7.032015162161856826e-03 -1.407400307417249960e-02 -1.154312658642943704e-02
8.000000000000000444e-01 -1.770637401157283408e-01 -6.041199983156933517e-02 4.247586582073380884e-02 2.011288462729385676e-02 -1.391014636083511696e-02 -4.359624953640331077e-03 -6.596862552595023771e-04 -5.625222138196630389e-03 -4.949426909465372629e-03
9.000000000000000222e-01 -6.214353632178143405e-02 -1.029064878176383369e-02 -1.239005850902739556e-02 1.163137992402724086e-02 1.556011785002335904e-02 1.274105320852031605e-02 6.938302480095638949e-03 5.228878669503331418e-03 5.499078854936683206e-03
1.000000000000000000e+00 1.006977922563987993e-01 3.524490040886382736e-02 1.016815080480368977e-02 2.134161050864970960e-02 1.665967195919295513e-02 1.101105324893434517e-02 1.604948462675490420e-02 1.433045919296574433e-02 1.648778999537115972e-02
1.100000000000000089e+00 -9.443553320313498312e-02 9.454879782760924889e-03 -6.881406095132526490e-04 1.204700983356459670e-02 3.193639627999381864e-02 3.165889214545208191e-02 2.534013910578768181e-02 2.710378853919974407e-02 2.907888885224376926e-02
1.200000000000000178e+00 5.210680544411010195e-02 2.876740093197584919e-02 8.692686428264366494e-02 3.259335316725279347e-02 4.538608309373151628e-02 4.630236384083136203e-02 4.704722381772816903e-02 4.366997003627599155e-02 4.086149476061221031e-02
1.300000000000000044e+00 -1.339504961419726303e-01 3.172632148487346260e-02 4.119046065210292540e-02 4.668302661490335292e-02 8.268043203837310839e-02 6.203685718536523092e-02 5.151089436896287566e-02 5.602419205213027276e-02 5.424071210641894653e-02
1.400000000000000133e+00 9.574872127587163995e-02 4.384752471185413003e-02 7.420341257993917639e-02 1.076972578831234539e-01 6.558651215537988910e-02 7.046968764574544630e-02 7.489173727119594060e-02 7.152890963955237102e-02 7.205936312544430900e-02
1.500000000000000000e+00 1.077686036577850948e-01 8.406482367368767195e-03 8.007455140926443560e-02 8.435749152130800343e-02 7.685546957714638194e-02 8.339104865836721725e-02 8.654462714310152960e-02 8.597771153413560907e-02 8.616385943773234579e-02
1.600000000000000089e+00 1.861969408120690006e-01 7.986983391848159752e-02 1.264094714060080282e-01 9.724672206074952419e-02 9.320000445001049016e-02 9.328782144455809167e-02 1.017550121511683336e-01 1.000011961440275265e-01 1.030921675991214870e-01
1.700000000000000178e+00 5.934645668782857764e-02 1.375161975346011201e-01 1.788680173358169201e-01 1.224286158267686164e-01 1.310814582108677240e-01 1.228689644412122167e-01 1.157126657007779003e-01 1.219187725701618569e-01 1.179855808658795274e-01
1.800000000000000044e+00 2.877080263112450909e-01 9.762397998427282952e-02 1.067662612851926762e-01 1.555749734043864740e-01 1.201835570500123934e-01 1.265385568520610571e-01 1.359358687014049216e-01 1.302747504025453251e-01 1.310414562852597331e-01
1.900000000000000133e+00 -1.042167255714946394e-01 6.180579959916218669e-02 1.251588197943689640e-01 1.406682946809920953e-01 1.470921890606376181e-01 1.460059686798904910e-01 1.476755442453120959e-01 1.454535536931378659e-01 1.462382111311497090e-01
2.000000000000000000e+00 9.857969321218447434e-02 1.133158181824456545e-01 1.703985689047599061e-01 1.826919490542023849e-01 1.635017212482791915e-01 1.560830438569834611e-01 1.639895013569898363e-01 1.606614512620600232e-01 1.593546363314997383e-01
2.100000000000000089e+00 1.955727396095581216e-01 1.731965535743654194e-01 1.994438769257502464e-01 1.791510888984771122e-01 1.870097342291455467e-01 1.667089658679046515e-01 1.773630879748280265e-01 1.717426408059306575e-01 1.723835879537344851e-01
2.200000000000000178e+00 1.954304409770600270e-01 1.496737682205699638e-01 1.493241283471715142e-01 1.692038751314473288e-01 1.820751185825083829e-01 1.819424141432142705e-01 1.862295595596004383e-01 1.824695994145084654e-01 1.827752530015089583e-01
2.300000000000000266e+00 9.446201425835483445e-02 1.176202213217677761e-01 2.268311352803951408e-01 1.831651690253992826e-01 1.902039659829977691e-01 2.042089197053126859e-01 1.970013163305247006e-01 1.929083746126288301e-01 1.937729790343767911e-01
2.400000000000000355e+00 3.323959795555881946e-01 8.979163034566310653e-02 1.964448145598946260e-01 1.767286556998496627e-01 1.936296398056435719e-01 2.090259588157635517e-01 2.045815715780709421e-01 2.012673430892301940e-01 2.015820960783185900e-01
2.500000000000000000e+00 4.351986405856658191e-01 2.715265711783710900e-01 2.258366815216933110e-01 2.111219812810291585e-01 2.028850504559180090e-01 2.057161162817979227e-01 2.053522927940492349e-01 2.066036464389433280e-01 2.059678922551672065e-01
2.600000000000000089e+00 2.939867654465458391e-01 1.477766489438894215e-01 2.374170120166327336e-01 2.003723976216593150e-01 2.128614634047386878e-01 2.057051807228280349e-01 2.139171015398465270e-01 2.099811542118779628e-01 2.108909680964053956e-01
2.700000000000000178e+00 1.811303739005626634e-01 2.036606480375013906e-01 2.052281146013573421e-01 1.762852083426568184e-01 2.123447539080045854e-01 2.106173523639410794e-01 2.059379344771941900e-01 2.082444129502671881e-01 2.106448175955251689e-01
2.800000000000000266e+00 3.826885559557031691e-01 2.539301971350761411e-01 2.074406692415694253e-01 2.250332151319024421e-01 2.049439418373294186e-01 2.027615474204836898e-01 2.076138934145699833e-01 2.104284040738104711e-01 2.054280094149728286e-01
2.900000000000000355e+00 1.488230380918980633e-01 3.599470119498676679e-02 1.851503022354922534e-01 1.796217824816444819e-01 2.017464691702735569e-01 1.920465241849401428e-01 2.010768834745642608e-01 2.063857610460007319e-01 2.019436540229039012e-01
3.000000000000000000e+00 8.263981272172625514e-02 2.219632055691294348e-01 2.058149834222636199e-01 2.157247888669892588e-01 2.026993524946477665e-01 1.995949422975689946e-01 1.949169498360981967e-01 1.956890835266577311e-01 1.965048740684449957e-01
3.100000000000000089e+00 -9.754200415310321226e-02 2.954994480477639573e-01 1.918657907933913609e-01 1.745004918548841433e-01 1.921679142196784096e-01 1.798164888257400285e-01 1.861030675723736871e-01 1.874122804934145181e-01 1.862939223966143532e-01
3.200000000000000178e+00 1.858315559461562183e-01 2.158168789747705874e-01 1.001101495625982829e-01 2.028015977846210627e-01 1.638831619888349578e-01 1.616694715177823816e-01 1.675916626305219426e-01 1.708663717161872653e-01 1.737998185694294428e-01
3.300000000000000266e+00 3.300782840275329200e-02 1.874686965011254647e-01 1.757674858739801116e-01 1.805592305283371113e-01 1.574452623162587439e-01 1.595660769315964400e-01 1.535006570185794283e-01 1.587160199134514116e-01 1.547967345893257463e-01
3.400000000000000355e+00 1.285706547563444380e-01 1.036893159442262013e-01 1.380981332134635087e-01 1.022621281024691242e-01 1.126849370233956038e-01 1.313162254587952882e-01 1.364009322731148943e-01 1.375117573946394445e-01 1.360396357296604908e-01
3.500000000000000000e+00 2.011138163539548662e-01 4.980748508847748779e-02 1.003641247000308934e-01 1.049043228090766472e-01 1.199069693438180595e-01 1.023292901618774176e-01 1.126478325294994060e-01 1.130635342857628650e-01 1.145534700876610912e-01
3.600000000000000089e+00 1.255102234642990477e-01 6.212139777732443580e-02 5.567282347256038294e-02 1.019627644974129554e-01 7.626563117853814300e-02 9.299090622295089203e-02 8.769292880283184599e-02 8.960262924027846687e-02 8.780106807660532919e-02
3.700000000000000178e+00 4.488995381617938429e-02 4.829763685748733604e-02 1.410123043752255223e-02 6.603716157167592582e-02 7.383811055410860469e-02 5.812378116013061646e-02 5.688268970460873264e-02 5.968349326783873449e-02 6.129598686897009402e-02
3.800000000000000266e+00 2.547350782687433229e-02 -3.059847404255817971e-02 2.454828318053920572e-02 2.292842693829765660e-02 1.809654177092799229e-02 3.015279810501360347e-02 3.074079799087628406e-02 3.271936337988766430e-02 3.187197315690831756e-02
3.900000000000000355e+00 1.486803775901236468e-01 -7.428545533758927621e-02 -1.591481119058552399e-02 1.884894019193878063e-03 1.219140742362213869e-03 -1.924134989049326684e-03 -3.082605421159318338e-03 -4.606574293774094025e-03 -2.809332487913337659e-03
4.000000000000000000e+00 -6.643050691335396218e-02 -7.846516027359810852e-02 -2.919352017570529118e-02 -3.498012676810594024e-02 -3.480452855820755087e-02 -4.071963348054586512e-02 -3.379011706222943834e-02 -3.657635332803512579e-02 -3.752345234410419533e-02
4.100000000000000533e+00 2.146626622967129361e-02 -6.472082739573614685e-02 -7.698067414885161053e-02 -9.928002147550069045e-02 -7.677947602447494913e-02 -7.496821709330113437e-02 -7.658695925585187747e-02 -7.504688269626669239e-02 -7.506958770108410062e-02
4.200000000000000178e+00 -1.217370791387134693e-01 -1.532917904728407221e-01 -1.046849861088874345e-01 -1.124674976474097643e-01 -1.122626490869145649e-01 -1.172524057798741415e-01 -1.184130025256429769e-01 -1.148578504271009770e-01 -1.153942491108589236e-01
4.299999999999999822e+00 -1.065205692633393875e-01 -9.487728691195554398e-02 -1.510220715866703867e-01 -1.449819507714175948e-01 -1.663904970868022026e-01 -1.489577971745965346e-01 -1.534839788936923910e-01 -1.549305323251547184e-01 -1.563431036531665597e-01
4.400000000000000355e+00 -1.800260950675571514e-01 -1.949686423164527227e-01 -2.376927678835682733e-01 -2.057675643374396734e-01 -2.155150978606764078e-01 -2.088004036030440824e-01 -2.023414422170637939e-01 -2.018909863696271012e-01 -1.996869339149495715e-01
4.500000000000000000e+00 -1.937278918162034236e-01 -2.665165947448676631e-01 -2.724635670049613823e-01 -2.299119689176118142e-01 -2.381162104614984731e-01 -2.446255088803848676e-01 -2.460774034859073978e-01 -2.438291712018227919e-01 -2.455899723309516169e-01
4.600000000000000533e+00 -1.576143235743684423e-01 -2.967106279019957049e-01 -3.389154829373557387e-01 -3.132975987729177958e-01 -2.957110471218439285e-01 -2.857239044236189462e-01 -2.865881768166894661e-01 -2.906413108644667620e-01 -2.895162319556489061e-01
4.700000000000000178e+00 -3.254172789494649276e-01 -3.940313680389789797e-01 -3.188036297272844877e-01 -3.245893931192150861e-01 -3.266451494100264807e-01 -3.295624196262674221e-01 -3.415784352992111139e-01 -3.352225768534374262e-01 -3.337909354842242271e-01
4.800000000000000711e+00 -4.900857805025133906e-01 -3.744632014267726405e-01 -4.276892884770494563e-01 -3.993054919161537764e-01 -3.707436339805580960e-01 -3.825725078118502598e-01 -3.824840300769305479e-01 -3.816570297337281703e-01 -3.814443922098023632e-01
4.900000000000000355e+00 -3.518759877748070530e-01 -4.101232989395021677e-01 -4.895880847272481851e-01 -4.398607865756685720e-01 -4.225973979453397922e-01 -4.330138599863002091e-01 -4.318815465977027257e-01 -4.286302728623154201e-01 -4.306081960051291180e-01
5.000000000000000000e+00 -5.182851319854634431e-01 -5.551501570102189698e-01 -4.754468505988717619e-01 -4.614235841894999135e-01 -4.642084344592915524e-01 -4.814557285678337517e-01 -4.729182559103132233e-01 -4.756973318696666730e-01 -4.765885463254797560e-01
5.100000000000000533e+00 -5.424355816084663884e-01 -5.860413605457538422e-01 -5.041137333963476852e-01 -5.400829629126665532e-01 -5.113651243066140717e-01 -5.257199350888209777e-01 -5.235392357701434962e-01 -5.224076666597785579e-01 -5.236826862798599214e-01
5.200000000000000178e+00 -5.660878189970817154e-01 -6.342133362923332296e-01 -6.020429608915603970e-01 -5.801478942779231263e-01 -5.655929972404100115e-01 -5.720942243864959309e-01 -5.711884683170741495e-01 -5.678928764293210696e-01 -5.688978571736329481e-01
5.300000000000000711e+00 -6.473861948817574152e-01 -6.111789926930674133e-01 -6.392867630376635191e-01 -6.175184127374094833e-01 -6.248180177212872000e-01 -6.148772318805846293e-01 -6.100159773542831454e-01 -6.119719137329568959e-01 -6.140666648454130572e-01
5.400000000000000355e+00 -5.815255082137800180e-01 -6.847048619079101339e-01 -6.582626835176605962e-01 -6.323306186511158389e-01 -6.634796679662665619e-01 -6.593909362210703673e-01 -6.642669213679738283e-01 -6.588193965846308453e-01 -6.592154403468951651e-01
5.500000000000000000e+00 -7.604631963949237683e-01 -6.863214591546589194e-01 -6.748389843697891743e-01 -7.012891246698409464e-01 -7.058970072929837691e-01 -7.019753295976270957e-01 -6.997452147325893268e-01 -7.010659011203670410e-01 -6.990895888730106478e-01
5.600000000000000533e+00 -6.570562652202971421e-01 -7.190665646558460633e-01 -7.573149186369754204e-01 -7.124657198409994896e-01 -7.590288981944961488e-01 -7.449658669001060218e-01 -7.406887710560058347e-01 -7.422831209494651361e-01 -7.403267282361382096e-01
5.700000000000000178e+00 -5.844709319705393424e-01 -8.350047819902611801e-01 -7.459183134203394294e-01 -7.828761246165611976e-01 -7.628592288669250321e-01 -7.826389135352775916e-01 -7.850065023834884581e-01 -7.799255338554393902e-01 -7.806588529733669013e-01
5.800000000000000711e+00 -9.017234315525693988e-01 -7.812480096691356568e-01 -8.375521258144602577e-01 -8.214773728840800704e-01 -8.312200372374729529e-01 -8.092292589087093369e-01 -8.225432524327815909e-01 -8.189787964819651434e-01 -8.184920819899961231e-01
5.900000000000000355e+00 -8.832690647055999600e-01 -8.087467980666918077e-01 -8.242685696523415206e-01 -8.744774685828827776e-01 -8.664189833724892376e-01 -8.520369451864008292e-01 -8.517680137094306714e-01 -8.547018708409198640e-01 -8.524472210922430238e-01
6.000000000000000000e+00 -1.111816476342196491e+00 -9.671227201037694288e-01 -9.005598437101142162e-01 -8.574818852994148255e-01 -8.952986670285952853e-01 -8.851495909801260220e-01 -8.826538165144278691e-01 -8.857752833969029238e-01 -8.855572313379970195e-01
6.100000000000000533e+00 -9.731001455028389646e-01 -8.637885194897144681e-01 -8.910034530417150211e-01 -9.140973073816838212e-01 -9.004418873558169834e-01 -9.232270813809001497e-01 -9.165496560871496667e-01 -9.117441312219779492e-01 -9.140450487955428249e-01
6.200000000000000178e+00 -8.994868208252201347e-01 -9.215945633122204494e-01 -9.433981610840944665e-01 -9.259236019634461412e-01 -9.315002063310948710e-01 -9.445522892816478056e-01 -9.368696103066755931e-01 -9.391003886632396380e-01 -9.417258547002065328e-01
6.300000000000000711e+00 -8.421433366724537795e-01 -9.135135717329867511e-01 -1.001177980395266509e+00 -9.730900811855459631e-01 -9.722329294594225235e-01 -9.676998241625003327e-01 -9.657793443808589950e-01 -9.646516228611857757e-01 -9.645865194119963570e-01
6.400000000000000355e+00 -1.067302537488655556e+00 -1.028381436669181914e+00 -1.011621872938041511e+00 -9.889207810990569003e-01 -9.768256988985641875e-01 -9.873682270264508842e-01 -9.851192437675444502e-01 -9.884097667458651149e-01 -9.877783662384229668e-01
6.500000000000000000e+00 -9.030379950882554407e-01 -1.054194264143160975e+00 -1.067345751178118141e+00 -1.005886519778103727e+00 -9.993865734354943076e-01 -1.010420003516216747e+00 -1.001888314867431573e+00 -1.006583075133238525e+00 -1.005936712432123903e+00
6.600000000000000533e+00 -9.406985000906300520e-01 -1.071519527749567269e+00 -1.024890502016547744e+00 -1.025779846127524264e+00 -1.027170586790062234e+00 -1.019091892137715227e+00 -1.018279153971159756e+00 -1.016824117788142967e+00 -1.020726835074371452e+00
6.700000000000000178e+00 -1.004755500484870723e+00 -1.063170570860657804e+00 -1.024554636403044006e+00 -1.034043818326602526e+00 -1.034553078726376141e+00 -1.031305549971377244e+00 -1.031523840779778212e+00 -1.032929307208045211e+00 -1.033320770858151771e+00
6.800000000000000711e+00 -1.116309930024584895e+00 -1.056247086285374559e+00 -1.040768459143308400e+00 -1.045693190196910649e+00 -1.043474211138657459e+00 -1.036211573844017853e+00 -1.041391880431942418e+00 -1.042752681163349404e+00 -1.042023893887369379e+00
6.900000000000000355e+00 -9.143268219712091804e-01 -1.123109096846955701e+00 -1.066247252427480863e+00 -1.054885440194164081e+00 -1.054472474485933509e+00 -1.059419419360789538e+00 -1.047546455290966128e+00 -1.049664880647179110e+00 -1.047898475384352324e+00
7.000000000000000000e+00 -1.151957521992312827e+00 -9.284167447503789417e-01 -1.056363102049588276e+00 -1.025586333231029101e+00 -1.045875438199727281e+00 -1.048814691550166600e+00 -1.049808219216686433e+00 -1.054346461759582132e+00 -1.051167934582187380e+00
7.100000000000000533e+00 -1.027264687419259470e+00 -9.971263416373494781e-01 -1.087012177647354472e+00 -1.024663611197811131e+00 -1.050853528916670721e+00 -1.050853785064643109e+00 -1.051201459499093049e+00 -1.051690647293319625e+00 -1.052688184552570627e+00
7.200000000000000178e+00 -9.979888221109816104e-01 -1.113069690104947052e+00 -1.044731773133025898e+00 -1.029237506196934548e+00 -1.047437031121112749e+00 -1.052364415836882561e+00 -1.045112236125989469e+00 -1.050828844009513929e+00 -1.049589553264670405e+00
7.300000000000000711e+00 -9.810982864377515433e-01 -9.748781712382524889e-01 -1.059140926890499657e+00 -1.043621655282150673e+00 -1.045715292683513598e+00 -1.042716998086336888e+00 -1.041816343716062132e+00 -1.047250829924321724e+00 -1.045262574330267036e+00
7.400000000000000355e+00 -1.124809147864496817e+00 -1.088930290026931758e+00 -1.058348588608047036e+00 -1.062017815821647559e+00 -1.045921225572012281e+00 -1.044876978539767354e+00 -1.033646152681257702e+00 -1.037633279222432092e+00 -1.038624355862577620e+00
7.500000000000000000e+00 -1.023097869306414331e+00 -1.004088973906632765e+00 -1.060779263645738490e+00 -1.012779083225841870e+00 -1.027586807923740686e+00 -1.021264303492719350e+00 -1.030947135050265917e+00 -1.031505129494788342e+00 -1.028435819909462534e+00
7.600000000000000533e+00 -8.527953618304401351e-01 -9.775657687668142248e-01 -1.008263400411911537e+00 -1.020720348719238224e+00 -1.018466199481314449e+00 -1.020226305749441842e+00 -1.013392623861981034e+00 -1.017868670920544449e+00 -1.018699393251879082e+00
7.700000000000000178e+00 -9.596570735434162280e-01 -1.096934222610080889e+00 -1.013730194256101225e+00 -1.020495275102598409e+00 -1.003501276352005478e+00 -9.977151158116183138e-01 -1.012480593263386019e+00 -1.005198883937857612e+00 -1.004633697427109507e+00
7.800000000000000711e+00 -8.587228384109280022e-01 -9.106606577646843004e-01 -9.608535875172544705e-01 -1.005387829599319272e+00 -9.940173407323534827e-01 -9.878305009140027071e-01 -9.889593351059738913e-01 -9.931533910543810517e-01 -9.905524520400640354e-01
7.900000000000000355e+00 -1.032204830851542576e+00 -9.799481882838908531e-01 -9.721450115500277489e-01 -9.751993525268719543e-01 -9.847249306069804087e-01 -9.758600995830239988e-01 -9.782529876383645462e-01 -9.812926147161253887e-01 -9.773638963928237278e-01
8.000000000000000000e+00 -7.887789871247596896e-01 -9.562499578401644218e-01 -9.758431582684893302e-01 -9.414802679192797452e-01 -9.658402594566130039e-01 -9.645827484225324433e-01 -9.611502905923646756e-01 -9.585879499081184640e-01 -9.591993448695984581e-01
8.099999999999999645e+00 -9.149755141341852083e-01 -1.003075465561516832e+00 -9.379753928190480705e-01 -9.546498375048850793e-01 -9.586236362453836035e-01 -9.461389416701918575e-01 -9.411195398775621390e-01 -9.419611290946094950e-01 -9.423005773897558113e-01
8.200000000000001066e+00 -8.378704221855444167e-01 -1.001915372777888669e+00 -9.287855009580808785e-01 -9.067348482559033362e-01 -9.234459988264388519e-01 -9.277067400777248007e-01 -9.254841134083660048e-01 -9.234067268223499214e-01 -9.233673400051987112e-01
8.300000000000000711e+00 -1.084201578425857848e+00 -1.079498424204853313e+00 -8.817310993621796378e-01 -9.050946509869129963e-01 -9.045673482156599832e-01 -9.109574415933591185e-01 -9.012861172082825556e-01 -9.065385004727307683e-01 -9.053857587315743416e-01
8.400000000000000355e+00 -9.216397848384487723e-01 -8.682886982781488072e-01 -8.486426018778113756e-01 -8.835922897466093051e-01 -8.854177761039315753e-01 -8.889210233869477840e-01 -8.860791322474432796e-01 -8.883866304040943795e-01 -8.869382366871574330e-01
8.500000000000000000e+00 -8.504776089458473409e-01 -8.334094661841150442e-01 -8.515422881756520290e-01 -8.526049591467594890e-01 -8.616332372949555563e-01 -8.733580068343541614e-01 -8.690252934871508517e-01 -8.671747186993371548e-01 -8.689480931997937141e-01
8.599999999999999645e+00 -9.066438083076637788e-01 -9.446762962813752829e-01 -8.817759541247276456e-01 -8.528972044132822061e-01 -8.424134111962154892e-01 -8.468713099483385909e-01 -8.496807991551487138e-01 -8.499305151012932491e-01 -8.512495957790622292e-01
8.700000000000001066e+00 -8.931000732157187150e-01 -9.191770595849536596e-01 -8.209261842690487310e-01 -8.393671779632341234e-01 -8.309246382846185996e-01 -8.380926695995492004e-01 -8.354771885540772658e-01 -8.326351024724204519e-01 -8.372504930986530702e-01
8.800000000000000711e+00 -8.137403834228746913e-01 -7.804419326072180585e-01 -8.159012009825260536e-01 -8.440987514597672048e-01 -8.175221346559199409e-01 -8.252686072914501292e-01 -8.209174166574849663e-01 -8.215513160639750234e-01 -8.210220287449522258e-01
8.900000000000000355e+00 -7.342698946595516141e-01 -7.788998034735795661e-01 -8.375647366161084184e-01 -8.083851425182917438e-01 -8.182050782206372608e-01 -8.018463545593534914e-01 -8.082253352717790884e-01 -8.085023673058283622e-01 -8.048522542342165798e-01
9.000000000000000000e+00 -5.428092678099465385e-01 -8.642192224838164405e-01 -8.379974714790038304e-01 -7.933294484467309227e-01 -8.033243289635353390e-01 -7.979802153434405465e-01 -7.956611861833302601e-01 -7.939322070210400595e-01 -7.935871248412784684e-01
9.099999999999999645e+00 -9.034463445538878368e-01 -6.739601794000151802e-01 -7.740127740373370369e-01 -7.800394659933473918e-01 -7.716691225714366054e-01 -7.864395318186641060e-01 -7.811627530930365104e-01 -7.817732481395996968e-01 -7.813572306955870461e-01
9.200000000000001066e+00 -6.190672382743852564e-01 -7.513255995324404912e-01 -7.155169334460355079e-01 -7.689296447456116512e-01 -7.692977679303353300e-01 -7.739031964712255185e-01 -7.772077969114986606e-01 -7.735476661804969734e-01 -7.736330135165015998e-01
9.300000000000000711e+00 -8.139497913914046645e-01 -7.338284245969437514e-01 -7.632565177249872601e-01 -7.794293509913478024e-01 -7.525322202088263746e-01 -7.705546873814651532e-01 -7.689634069128199467e-01 -7.685828945406981694e-01 -7.653210511103374358e-01
9.400000000000000355e+00 -8.045296352134262419e-01 -7.481756827491438111e-01 -7.775636693113198161e-01 -7.706485826289919405e-01 -7.664612822694127914e-01 -7.631940092526462438e-01 -7.622096607786892353e-01 -7.596503785251170759e-01 -7.600804768146072199e-01
9.500000000000000000e+00 -5.635689293712854431e-01 -7.251995213076236624e-01 -8.109704558935240115e-01 -7.383269405500196836e-01 -7.698207477026283163e-01 -7.586864222403001401e-01 -7.602856194732927619e-01 -7.583992709868309090e-01 -7.585780525955339026e-01
9.600000000000001421e+00 -8.184266977408446442e-01 -6.601661099055127213e-01 -7.409139776540302202e-01 -7.294805636474255284e-01 -7.524781451638963281e-01 -7.490205532896826446e-01 -7.551221760112181158e-01 -7.577817998063584026e-01 -7.566663905650864441e-01
9.700000000000001066e+00 -9.238919413440160877e-01 -7.244957233995358292e-01 -7.832880248269705747e-01 -7.780554213227927063e-01 -7.555462601037851167e-01 -7.573483301299630543e-01 -7.598939988442393600e-01 -7.588954065706494667e-01 -7.620197457210859948e-01
9.800000000000000711e+00 -7.604249152032124259e-01 -7.191604721252500276e-01 -7.533889741205719304e-01 -7.451171250008794544e-01 -7.624550332413559950e-01 -7.606822498980571057e-01 -7.650664742364513549e-01 -7.651422509197859378e-01 -7.659753578233652327e-01
9.900000000000000355e+00 -8.085465822158450777e-01 -7.946343504129307345e-01 -8.278330284607335887e-01 -7.411771394682146186e-01 -7.752159705564658498e-01 -7.661665735895181184e-01 -7.716061418653258341e-01 -7.709266602476494423e-01 -7.711520221179742896e-01
1.000000000000000000e+01 -7.477648518037186554e-01 -7.859438499505277953e-01 -7.284619831105078047e-01 -7.813317099098107121e-01 -7.936743199920532899e-01 -7.806689448882461191e-01 -7.799376731883064240e-01 -7.816655696706146239e-01 -7.819747099006074675e-01
